rownames(data2)	lon	lat	PC1	PC2	PC3	PC4	PC5	PC6	cluster	type(manual)
ABD_0228	-9.4	38.83	-6.456754884	-0.879094751	3.378638335	-4.778313936	2.457602566	-0.923881406	2	2
ABD_0176	-9	53.33	-1.272653131	-9.229198112	4.505441623	-3.968515462	5.02528562	0.662276264	2	2
ABD_0359	-8.22	39.4	-5.912097258	0.11606466	4.183094762	-4.131869279	1.506377207	-0.285427441	2	2
ABD_0391	-8.22	39.4	-5.912097258	0.11606466	4.183094762	-4.131869279	1.506377207	-0.285427441	2	2
ABD_0226	-7.88	38.17	-5.914199183	1.743255931	3.160127649	-3.395045433	1.896006176	-0.555439433	2	2
ABD_0062	-4.72	41.07	-1.11339103	1.03252736	2.953902139	-1.225461301	3.257113959	-0.477515178	2	2
ABD_0389	-3.75	40.46	-2.692017306	1.512852102	3.117319812	-0.875470618	2.926716798	-0.177120365	2	2
ABD_0222	-3.25	37.25	-2.111872228	2.592251799	3.204061837	-2.218120982	0.960780628	-0.680196037	2	2
ABD_0065	-0.19	52.41	0.367936946	-5.976888284	3.129192915	-1.148301508	6.584748192	1.213256316	2	2
ABD_0387	1.52	42.51	0.952090832	-4.219917058	3.989545727	-3.513638242	0.989616921	-1.95062336	2	2
ABD_0388	1.52	42.51	0.952090832	-4.219917058	3.989545727	-3.513638242	0.989616921	-1.95062336	2	2
ABD_0088	5.83	52	-0.044560015	-7.538998425	4.327730745	-1.777564438	4.708161877	0.563519889	2	2
ABD_0253	7.24	46.16	1.476563218	-5.427218833	4.509214895	-2.634932487	1.584654284	-1.104287943	2	2
ABD_0254	7.97	46.35	3.988344595	-5.719870785	3.906881455	-3.232267401	1.621989755	-1.361070569	2	2
ABD_0059	9.12	46.78	0.809624081	-9.517150899	3.776142497	-3.131668027	-0.367283841	-0.978915658	2	2
ABD_0081	9.17	45.17	-2.325490103	-4.299829171	3.828975488	0.3185562	2.335297502	-1.40564136	2	2
ABD_0061	10.69	48.99	1.320779529	-6.092678893	3.336168965	-0.152049279	3.713888205	0.036569363	2	2
ABD_0249	10.73	47.15	2.993950392	-6.208506742	2.196180029	-1.421048661	1.892367938	0.257871012	2	2
ABD_0252	12.05	47.43	2.790494518	-8.234295434	2.76491693	-1.948022732	0.853435139	0.329709164	2	2
ABD_0250	12.22	47.43	1.62229739	-8.134641399	3.018696885	-1.348404223	0.828345741	0.08896633	2	2
ABD_0056	12.22	47.65	0.309118276	-8.822990945	3.584423836	-1.346633759	0.650597848	-0.30019029	2	2
ABD_0248	12.45	47	3.206383422	-6.410659559	2.006294397	-0.74791061	1.553081293	0.348208084	2	2
ABD_0251	12.5	46.92	3.721902665	-6.762419548	2.036183031	-0.901821012	1.405237391	0.426619307	2	2
ABD_0390	12.57	41.87	-5.421078753	-2.034981384	4.107627244	-2.027026919	1.880545971	-0.577021377	2	2
ABD_0096	13.25	59.75	4.405795901	-6.909222915	4.306819188	1.138862833	3.828392973	0.867760433	2	2
ABD_0082	14.25	37.75	-2.480099087	0.083812387	3.471674761	-2.71851828	1.507667114	-0.429209703	2	2
ABD_0358	14.55	47.52	3.733131101	-9.616546076	3.408254272	-2.68585536	0.311857369	-0.131386401	2	2
ABD_0369	14.55	47.52	3.733131101	-9.616546076	3.408254272	-2.68585536	0.311857369	-0.131386401	2	2
ABD_0379	14.55	47.52	3.733131101	-9.616546076	3.408254272	-2.68585536	0.311857369	-0.131386401	2	2
ABD_0068	15.61	44.04	-3.307636222	-3.553086538	4.691623976	-1.589280618	1.98504083	-0.66776439	2	2
ABD_0218	17.53	43.2	-4.989092848	-3.693476998	5.576419017	-1.887048892	1.101018388	-0.532924246	2	2
ABD_0263	17.72	44.81	-0.91119021	-4.869815067	3.776010821	-0.20713002	2.044850719	-1.305814395	2	2
ABD_0050	17.94	43.07	-4.885412081	-4.422029783	6.049152573	-2.632474185	0.348194836	-0.474185763	2	2
ABD_0057	18.2	44.17	1.810950278	-6.209832709	4.493862332	-2.490822023	1.387658711	-1.303981722	2	2
ABD_0245	18.34	42.71	-4.79407724	-5.142616079	6.581904813	-3.914875012	-0.467473989	-0.231496907	2	2
ABD_0247	19.05	44.35	-0.42194686	-5.352851489	3.492737074	-0.696214737	1.783699282	-1.102107463	2	2
ABD_0007	19.33	47.42	0.228270103	-3.378493421	2.971602822	1.637497245	3.66731057	-0.087282632	2	2
ABD_0069	19.33	47.42	0.228270103	-3.378493421	2.971602822	1.637497245	3.66731057	-0.087282632	2	2
ABD_0246	20.59	44.55	-0.691989104	-3.742995941	2.745772909	0.558395752	2.442850812	-0.787860283	2	2
ABD_0095	20.9	42.63	-0.206393866	-3.125732624	4.033017146	-0.649565396	1.808451601	-1.429167613	2	2
ABD_0262	21.03	42.24	0.863622721	-3.429466767	4.133792986	-1.489689053	1.766612149	-1.233392213	2	2
ABD_0086	21.72	41.97	-1.103852196	-1.062564183	2.980783974	1.242229661	2.733826431	-1.101235162	2	2
ABD_0067	22	39.5	-4.547859776	-0.181584571	4.112420227	-0.712689065	1.898418553	-0.091885929	2	2
ABD_0293	22.77	48.1	0.215650808	-4.804195457	3.458638426	0.889389285	2.586572842	-0.46111277	2	2
ABD_0234	23	40.67	-2.126715217	-0.58220939	3.363448998	0.101915038	3.08071067	-0.621947107	2	2
ABD_0235	24.75	35.25	-0.542613115	-1.206588722	6.750539433	-6.551631805	-2.820454348	1.142781374	5	0
ABD_0386	25.49	42.73	2.32457314	-4.011231212	3.047548858	-0.811046256	2.017999017	-0.562956731	2	2
ABD_0093	26.73	47.68	0.985047295	-3.262076377	2.22311575	2.151788459	2.466141646	0.125079476	2	2
ABD_0175	27.57	53.9	3.359021013	-6.120938909	3.658908853	2.075815841	3.463541684	0.857634801	2	2
ABD_0003	32.83	39.92	-0.122692884	1.862849238	3.468520321	-0.01086761	1.332312027	-0.43232018	2	2
ABD_0105	34	45	-0.533443043	-2.680218216	3.485742406	0.874217408	3.690679227	-0.224086437	2	2
ABD_0104	35	48.5	1.444003857	-3.830252281	3.959079417	2.6861874	3.233141225	0.196018215	2	2
ABD_0866	35.23	31.95	-4.422178831	3.980892016	3.044773074	-4.360080392	-0.977139566	0.012233896	5	5
ABD_0857	35.24	38.96	0.983324406	2.580993537	3.409176243	-0.535387037	0.683427217	-0.515358947	5	5
ABD_0865	35.24	38.96	0.983324406	2.580993537	3.409176243	-0.535387037	0.683427217	-0.515358947	5	5
ABD_0921	35.24	38.96	0.983324406	2.580993537	3.409176243	-0.535387037	0.683427217	-0.515358947	5	5
ABD_0601	35.3	37	-7.914091114	1.141677481	3.6814995	-2.198935136	-0.259076088	-1.065295915	5	5
ABD_0345	35.42	29.72	-3.800589268	7.709774206	0.202320721	-1.122622064	1.904912175	-0.107535727	5	5
ABD_0633	35.6	37.3	-7.521708508	0.920028632	4.031468132	-2.136659319	-0.706311453	-0.835163493	5	5
ABD_0679	35.6	37.3	-7.521708508	0.920028632	4.031468132	-2.136659319	-0.706311453	-0.835163493	5	5
ABD_0346	35.8	31.72	-4.520715642	5.488171605	2.008373524	-3.025326908	0.254446958	0.080971648	5	5
ABD_0325	35.85	33.82	-5.117610523	2.738379766	5.700410717	-4.655992485	-2.764431048	1.325757306	5	5
ABD_0324	35.92	33.72	-4.657678316	3.545502134	4.709474746	-4.003608788	-1.824962348	1.082312991	5	5
ABD_0738	36.1	36.2	-8.392236795	-0.079158952	5.974962336	-3.999635267	-2.218772895	-0.565317932	5	5
ABD_0380	36.24	30.59	-3.398168069	7.398208686	0.702948489	-1.40690872	1.476838262	-0.043968551	5	5
ABD_0381	36.24	30.59	-3.398168069	7.398208686	0.702948489	-1.40690872	1.476838262	-0.043968551	5	5
ABD_0922	36.24	30.59	-3.398168069	7.398208686	0.702948489	-1.40690872	1.476838262	-0.043968551	5	5
ABD_0334	36.3	33.5	-4.011371137	5.354094241	2.478206565	-1.819465613	0.682248635	0.09330194	5	5
ABD_0204	36.5	50	2.760959938	-4.468031545	3.956626003	2.943844667	2.838822634	0.303392637	2	2
ABD_0637	36.7	34.7	-4.762617621	4.135820349	3.242139476	-1.632861178	0.442607659	0.506180558	5	5
ABD_0097	36.75	35.13	-5.81588654	4.079632258	3.256201272	-1.034034901	0.860920133	0.48719509	5	5
ABD_0645	36.9	37.2	-4.992836493	2.765336019	5.334492002	-2.122111587	-1.750072674	0.377686104	5	5
ABD_0098	37.11	36	-5.226254905	4.625618424	3.005912702	-0.23545118	1.036112313	0.148121013	5	5
ABD_0720	37.2	38.2	0.154700522	3.138224405	4.124244618	-0.733263016	-0.178134372	-0.647962492	5	5
ABD_0673	38.3	38.6	-2.505374884	2.950917883	4.46564177	0.398137183	0.166219113	0.137786619	5	5
ABD_0696	38.3	38.7	-2.016432437	2.817328145	4.586386793	0.407927625	-0.071596859	0.24315276	5	5
ABD_0616	38.4	37.5	-4.742124119	3.23881392	4.961198589	-1.359723465	-0.587079012	0.799166461	5	5
ABD_0737	38.5	39.3	-0.627985129	1.199014243	5.708696205	-0.968092865	-0.859360032	0.54963792	5	5
ABD_0719	38.7	38.8	-0.938982738	2.123666051	5.85023897	-0.803135956	-1.21753425	0.701595371	5	5
ABD_0612	38.9	36.7	-5.100815831	5.211639705	3.470808759	0.263105174	0.42435367	0.610951189	5	5
ABD_0620	38.9	37.8	-4.50365436	3.295302389	5.099869048	-0.665205683	-0.386502329	0.811166783	5	5
ABD_0584	39	34.8	-4.251421712	6.43535742	1.77224822	0.580515824	1.651723988	0.405671192	5	5
ABD_0596	39	34.8	-4.251421712	6.43535742	1.77224822	0.580515824	1.651723988	0.405671192	5	5
ABD_0636	39	36.7	-5.065011693	5.161261162	3.404403766	0.199762447	0.474740849	0.593937425	5	5
ABD_0331	39	37.25	-4.677236424	4.269814436	4.61385144	-0.459458411	-0.538377525	0.868876364	5	5
ABD_0716	39.3	38.6	-2.266773296	2.632527186	4.905457278	-0.020765219	-0.447310859	0.446095019	5	5
ABD_0659	39.5	39.8	1.445542279	1.482706698	4.649398412	-0.331148605	-0.505955277	0.105478668	5	5
ABD_0703	39.5	39.8	1.445542279	1.482706698	4.649398412	-0.331148605	-0.505955277	0.105478668	5	5
ABD_0864	40	50	3.163882729	-3.890376825	4.077164303	3.123383425	2.790227621	0.299857183	2	0
ABD_0660	40.2	37.9	-3.383134998	3.539702775	5.075155825	-0.009328207	-1.152453245	0.715301801	5	5
ABD_0631	40.4	39.8	2.111880132	1.318847155	4.519489077	-0.151232439	-0.679531596	-0.471063622	5	5
ABD_0101	40.59	37.19	-4.581767329	4.225684773	4.453020374	-0.408754846	-0.514021244	0.971595839	5	5
ABD_0100	40.66	37.85	-4.017715708	3.391557899	5.095754699	-0.449853734	-1.172764641	0.799870311	5	5
ABD_0642	40.7	37.9	-3.964142901	3.373871835	5.221221264	-0.437611139	-1.338519416	0.805512814	5	5
ABD_0335	41	36.5	-4.839698577	5.147299353	3.509369012	0.162734181	0.356097646	1.18208246	5	5
ABD_0243	41.13	44.99	-0.036269948	-3.559847242	2.70178421	1.898287588	2.266659258	-0.128504127	2	0
ABD_0103	41.33	40.03	3.653921668	1.24527736	3.657453247	0.993556466	-0.254781403	-1.363923113	2	0
ABD_0672	41.5	40	3.607580069	1.214772978	3.588265693	0.898643613	-0.378475083	-1.411936486	2	0
ABD_0690	41.5	40	3.607580069	1.214772978	3.588265693	0.898643613	-0.378475083	-1.411936486	2	0
ABD_0702	41.5	40	3.607580069	1.214772978	3.588265693	0.898643613	-0.378475083	-1.411936486	2	0
ABD_0689	41.5	40.3	3.598400621	0.393367358	3.020893353	0.638610431	0.051837585	-1.576747247	2	0
ABD_0728	41.5	39.1	0.732816126	1.51797942	5.58856234	-0.317384058	-1.951494675	-0.406880758	5	5
ABD_0644	42.1	38	-3.683102743	2.223110851	5.890492843	-1.076304772	-1.831034753	1.269254873	5	5
ABD_0727	42.1	38	-3.683102743	2.223110851	5.890492843	-1.076304772	-1.831034753	1.269254873	5	5
ABD_0002	42.37	39.88	4.340030142	0.39885662	3.722673522	-0.119893015	-0.792036036	-1.646859933	2	0
ABD_0328	42.5	18.22	-5.825120379	6.386721166	-3.66416119	-4.358561517	1.451608566	-0.706396902	3	0
ABD_0323	42.62	43	2.98852387	-5.900763457	4.002931466	-2.508622594	0.15577072	-1.801056955	2	0
ABD_0333	42.68	40.42	4.425487257	0.173142712	2.483944029	0.591925186	-0.237679318	-1.701835019	2	0
ABD_0008	42.78	42.66	-1.177615413	-7.478807245	5.703861946	-3.796823921	-0.708972778	-2.298985497	2	0
ABD_0009	42.78	42.66	-1.177615413	-7.478807245	5.703861946	-3.796823921	-0.708972778	-2.298985497	2	0
ABD_0010	42.78	42.66	-1.177615413	-7.478807245	5.703861946	-3.796823921	-0.708972778	-2.298985497	2	0
ABD_0688	43.1	40.6	4.096261209	0.002568905	2.333554819	1.465052763	-0.116144325	-1.426658713	2	0
ABD_0684	43.1	40.8	4.517175589	-0.292021185	2.121130278	0.936822323	-0.060052841	-1.471412624	2	0
ABD_0671	43.2	39.1	2.212099146	1.644504674	4.117381556	0.170746185	-0.923348072	-1.036579839	5	5
ABD_0647	43.3	40.8	3.809193892	0.164456626	2.054865902	1.484577271	0.069752658	-1.296947522	2	0
ABD_0669	43.3	40.8	3.809193892	0.164456626	2.054865902	1.484577271	0.069752658	-1.296947522	2	0
ABD_0681	43.3	41	4.900732452	-1.136717598	2.386602648	0.285428451	-0.04821892	-1.638913534	2	0
ABD_0332	43.33	38.7	1.678037071	2.338310635	4.122868459	0.232087692	-0.780583738	-0.819095715	5	5
ABD_0862	43.36	42.32	-2.132956157	-4.984844632	4.740879544	-1.899742032	0.749566211	-1.923205538	2	0
ABD_0863	43.36	42.32	-2.132956157	-4.984844632	4.740879544	-1.899742032	0.749566211	-1.923205538	2	0
ABD_0661	43.6	37.2	-3.14102307	1.842826317	7.072969487	-2.486375279	-4.019255443	1.792417851	5	5
ABD_0563	43.7	33.2	-6.930906298	7.480111449	1.027849607	1.176544185	1.31155479	0.668343889	5	5
ABD_0568	43.7	33.2	-6.930906298	7.480111449	1.027849607	1.176544185	1.31155479	0.668343889	5	5
ABD_0602	43.7	33.2	-6.930906298	7.480111449	1.027849607	1.176544185	1.31155479	0.668343889	5	5
ABD_0618	43.7	33.2	-6.930906298	7.480111449	1.027849607	1.176544185	1.31155479	0.668343889	5	5
ABD_0621	43.7	33.2	-6.930906298	7.480111449	1.027849607	1.176544185	1.31155479	0.668343889	5	5
ABD_0744	43.7	33.2	-6.930906298	7.480111449	1.027849607	1.176544185	1.31155479	0.668343889	5	5
ABD_0066	43.83	42.05	-1.101302482	-2.552854419	3.384418162	0.00527903	1.797079084	-1.296365847	2	0
ABD_0094	43.89	55.2	5.577307604	-5.122199812	3.78896722	4.097564865	2.738711419	0.594425965	2	0
ABD_0102	43.99	38.66	3.461494172	2.049808695	3.772612388	0.313220459	-0.912921423	-1.280850112	5	5
ABD_0337	44.27	40.33	1.756706609	0.68813066	2.339753523	1.401031198	0.813707623	-1.196493295	2	0
ABD_0341	44.4	35.47	-6.901170952	5.248323247	3.571265155	0.261321559	-0.027265504	2.096086965	5	5
ABD_0076	44.42	36.41	-4.559958398	2.433467449	6.978272814	-2.690808081	-4.497852747	2.738388225	5	5
ABD_0077	44.42	36.41	-4.559958398	2.433467449	6.978272814	-2.690808081	-4.497852747	2.738388225	5	5
ABD_0078	44.42	36.41	-4.559958398	2.433467449	6.978272814	-2.690808081	-4.497852747	2.738388225	5	5
ABD_0079	44.42	36.41	-4.559958398	2.433467449	6.978272814	-2.690808081	-4.497852747	2.738388225	5	5
ABD_0336	44.5	40.18	0.165656055	1.284363255	2.557240929	1.710474097	1.35410194	-0.696725943	2	0
ABD_0340	44.6	33.3	-7.365658469	7.08076496	1.137011735	0.904069342	1.2172156	0.748630483	5	5
ABD_0706	44.6	37.7	2.405853687	1.841257929	4.421064913	-0.767920947	-1.428058213	0.049949924	5	5
ABD_0322	45.01	42.53	4.769610049	-5.462895162	2.871803451	-1.179432072	-0.388056877	-0.935452187	2	0
ABD_0365	45.04	40.07	6.799718034	-1.873757345	2.991354731	-0.636082012	-0.563137127	-1.785608962	2	0
ABD_0366	45.04	40.07	6.799718034	-1.873757345	2.991354731	-0.636082012	-0.563137127	-1.785608962	2	0
ABD_0856	45.04	40.07	6.799718034	-1.873757345	2.991354731	-0.636082012	-0.563137127	-1.785608962	2	0
ABD_0072	45.23	37.52	0.217323854	2.896921435	3.15224757	0.431037905	0.467857442	0.116337232	5	5
ABD_0724	46.5	33.6	0.056464	4.572939809	4.283371534	-2.160378989	-1.862476621	1.800121546	5	5
ABD_0319	46.58	40	1.423944033	-2.726450315	1.852408709	0.105953803	1.026756762	0.042233613	2	0
ABD_0646	47	35.3	-0.603288389	3.689267209	4.48230788	-1.044737408	-1.366637285	1.543603335	5	5
ABD_0074	47.02	35.6	1.020550934	3.619854871	4.48290831	-0.845055068	-1.502289478	1.162690169	5	5
ABD_0615	47.1	34.3	-1.45261945	4.456348516	4.051067295	-1.499722183	-1.159431709	1.504093098	5	5
ABD_0868	47.58	40.14	-3.446323591	-0.289514749	2.347984131	2.33485827	3.291173228	-0.365206848	2	0
ABD_0073	47.68	34.25	0.669059163	4.586181485	3.639084806	-1.370022257	-1.087076477	1.303940973	5	5
ABD_0339	47.82	30.49	-8.981575641	6.933391591	0.459664121	0.569597812	1.647502917	0.526108675	5	5
ABD_0705	48.2	31.2	-8.806881395	6.762904257	0.995822167	0.388630126	1.218233138	1.209300127	5	5
ABD_0695	48.6	34.8	1.319262085	4.204390334	2.889238901	-0.240122768	-0.143841483	0.685104543	5	5
ABD_0320	48.73	40.58	-1.194907525	-1.583097959	3.375404415	1.09971499	2.406391731	-0.036812829	2	0
ABD_0344	49	37	-0.523145156	1.981833593	2.778589465	-0.445874084	1.744033848	0.590559564	5	5
ABD_0697	49.5	30.9	-10.16311569	6.376221508	1.496579508	0.287926915	0.64481868	1.583900208	5	5
ABD_0668	51.5	36.7	-7.782791901	-6.472740998	3.582292888	-2.600393574	0.283781604	-1.311866441	2	0
ABD_0701	51.7	32.7	-1.087004612	6.247740186	1.373107641	-0.020928053	0.665679235	0.775647308	5	5
ABD_0343	54.37	36.15	-2.450234141	3.899171469	2.467930235	0.995245278	1.281339263	0.436286457	5	5
ABD_0717	54.5	36.8	-4.430198577	-0.099158274	2.21543129	0.171562013	2.541146661	0.169040658	2	0
ABD_0318	56.5	23.67	-10.27027371	8.106486487	-2.712146456	-1.981235794	0.981008685	-1.35140911	4	0
ABD_0075	57.08	30.3	-1.212777754	6.68876672	0.353208174	-0.767938199	0.656417195	0.888396265	5	6
ABD_0656	57.1	30.3	-1.22270336	6.866348653	0.372123845	-0.782512832	0.529170797	0.790112465	5	6
ABD_0342	57.95	28.43	-8.277060435	6.131204349	-0.652667639	-0.513842053	1.185789892	-0.14202092	5	6
ABD_0867	59.56	38.97	-2.025519946	4.98296848	2.759639766	3.030868219	1.392971438	1.337166099	5	6
ABD_0634	59.6	36.3	-1.442325527	4.123884305	2.707595401	0.39856779	0.481849225	0.95367975	5	6
ABD_0203	61.4	55.17	5.97032975	-3.617134108	3.049407918	4.759894296	1.70916372	0.683980638	2	0
ABD_0565	61.5	31	-5.67351319	7.642896031	0.109047622	1.619978481	1.050763565	0.978295773	5	6
ABD_0640	62	32.4	-5.143184267	7.303074087	0.674910459	1.732824868	0.819492599	0.70724578	5	6
ABD_0628	62.1	32.4	-5.078638897	7.264153527	0.662657573	1.682301275	0.811653657	0.652840387	5	6
ABD_0638	62.1	32.4	-5.078638897	7.264153527	0.662657573	1.682301275	0.811653657	0.652840387	5	6
ABD_0692	62.2	32.5	-4.909024253	7.202843487	0.846356504	1.710799329	0.783221508	0.655036906	5	6
ABD_0641	62.2	33.8	-0.135559936	5.937710997	2.669827503	-0.229973372	-0.465374665	0.980208327	5	6
ABD_0685	62.2	33.8	-0.135559936	5.937710997	2.669827503	-0.229973372	-0.465374665	0.980208327	5	6
ABD_0054	62.2	34.35	-2.526128554	5.422694514	3.078134418	0.371322337	-0.281739408	1.479718461	5	6
ABD_0055	62.23	33.82	0.037854622	5.880446604	2.718949377	-0.281260444	-0.485543975	0.975925063	5	6
ABD_0627	62.7	32.8	-4.138214957	7.200445248	1.213158291	1.363645553	0.347222717	0.816970757	5	6
ABD_0385	64.59	41.38	-0.091258327	4.389428456	3.633463972	3.179483122	1.02124404	1.165550914	5	6
ABD_0726	64.6	41.4	-0.059158157	4.398359807	3.624102174	3.155065675	1.031480534	1.153923377	5	6
ABD_0626	64.8	31.6	-4.252426632	7.768659431	0.703108065	0.883523045	-0.038456828	0.933780267	5	6
ABD_0715	65.5	34.5	5.108634079	4.69402974	3.379048701	-0.399834867	-1.209526977	0.0581843	5	6
ABD_0649	65.6	32.2	0.861112569	6.690181437	2.23240769	-0.921820786	-1.637431651	0.945668475	5	6
ABD_0657	65.6	32.2	0.861112569	6.690181437	2.23240769	-0.921820786	-1.637431651	0.945668475	5	6
ABD_0741	65.8	34.6	5.695952347	4.44035645	3.483633967	-0.511558896	-1.597938294	-0.084457165	5	6
ABD_0110	66.62	39.28	-2.223912752	2.833163416	4.355951842	0.445440985	-0.250303413	1.450074762	5	6
ABD_0658	66.9	48	5.744630005	1.526318596	4.826835728	4.225087244	0.827924277	-0.170275564	2	0
ABD_0625	67	30.9	-0.157271505	6.677926998	1.318091711	-1.521961544	-1.199342465	0.594530123	5	6
ABD_0608	67	34.4	6.557173669	3.66010725	3.523995056	-0.547922188	-2.794415407	-0.24703663	5	6
ABD_0698	67.1	36.7	-3.735608095	4.650543239	2.760271441	2.301761854	1.115233252	1.644612508	5	6
ABD_0053	67.11	36.71	-3.814745683	4.703644735	2.726843717	2.350076	1.120234245	1.649907952	5	6
ABD_0382	67.71	33.94	8.368754564	2.403689725	4.281263376	-2.958504976	-3.862660086	-0.479937378	5	6
ABD_0383	67.71	33.94	8.368754564	2.403689725	4.281263376	-2.958504976	-3.862660086	-0.479937378	5	6
ABD_0384	67.71	33.94	8.368754564	2.403689725	4.281263376	-2.958504976	-3.862660086	-0.479937378	5	6
ABD_0682	68.7	36.1	-3.460862077	3.962047622	2.930469177	1.854843375	0.044367764	1.724510981	5	6
ABD_0721	68.7	38.4	-2.730690085	1.929271213	4.219123796	0.05578751	-0.759094612	1.439589579	5	6
ABD_0708	68.7	39.4	1.874239521	1.317128378	3.593781065	0.33920484	0.45328929	0.821795586	5	6
ABD_0707	68.8	39	7.255803164	-0.858764862	4.553612002	-1.432144876	-0.191586692	-0.084004356	5	6
ABD_0693	68.881944	39.723889	1.567563393	1.169522622	3.48773081	0.461439871	0.285770352	0.772907103	5	6
ABD_0029	69	25.5	-13.25144072	5.90983645	-5.975588136	1.059448297	0.720993896	-2.769723292	4	3
ABD_0714	69.1	39.2	4.953230453	-0.073570129	3.88457359	-0.081869517	0.086457408	0.398294904	5	6
ABD_0711	69.2	38.5	-1.74164418	0.667862648	5.186618438	-0.72810978	-2.115091177	1.54367736	5	6
ABD_0678	69.5	35.6	2.366466798	0.69956595	4.672573922	-2.96671341	-4.097661879	1.722940677	5	6
ABD_0026	70.5	29.83333333	-11.97498278	5.165112494	-3.651301571	2.735468109	0.751697059	-2.873139005	4	3
ABD_0091	71.08	30.33	-11.49281535	5.189396351	-3.527757709	2.794727647	1.160035885	-2.813150186	4	3
ABD_0731	71.1	30.3	-11.50527835	5.207657665	-3.568480523	2.793061014	1.171336781	-2.798753286	4	3
ABD_0860	71.28	38.86	7.526751359	-1.418853057	4.664475937	-1.611396168	-1.342652299	-0.277110543	5	6
ABD_0861	71.28	38.86	7.526751359	-1.418853057	4.664475937	-1.611396168	-1.342652299	-0.277110543	5	6
ABD_0677	71.3	38.9	9.43120571	-3.419180719	5.473293278	-3.135243087	-2.366679123	-0.755896641	5	6
ABD_0586	71.6	34	-9.602585631	1.779438333	-0.235985416	1.325361943	0.221799182	-1.388254824	4	3
ABD_0587	71.6	37.4	6.46173339	1.570482106	3.072717121	0.442496074	0.192909583	0.378958213	5	6
ABD_0623	71.6	37.4	6.46173339	1.570482106	3.072717121	0.442496074	0.192909583	0.378958213	5	6
ABD_0099	71.71	37.99	3.077768003	2.100989643	2.957843921	1.548902693	0.966274823	0.913079165	5	6
ABD_0027	72	31	-11.09164838	4.736572946	-3.171441098	2.819489384	1.326185289	-2.573988531	4	3
ABD_0089	72	31	-11.09164838	4.736572946	-3.171441098	2.819489384	1.326185289	-2.573988531	4	3
ABD_0090	72	31	-11.09164838	4.736572946	-3.171441098	2.819489384	1.326185289	-2.573988531	4	3
ABD_0611	72	31	-11.09164838	4.736572946	-3.171441098	2.819489384	1.326185289	-2.573988531	4	3
ABD_0609	72	34.2	-9.311826183	1.437619926	-0.517979374	1.66767274	-0.130951168	-1.600444898	4	3
ABD_0570	72.2	31.9	-11.17651343	3.532059446	-3.200175391	2.992358081	1.092119261	-1.812225258	4	3
ABD_0572	72.2	31.9	-11.17651343	3.532059446	-3.200175391	2.992358081	1.092119261	-1.812225258	4	3
ABD_0605	73.1	31.4	-10.81946831	3.009672582	-3.309729213	2.638406215	0.934861943	-1.470842056	4	3
ABD_0592	73.1	33.6	-9.677185685	-1.028537479	-2.257360569	1.009924826	-2.355513749	0.229717872	4	3
ABD_0653	73.1	33.6	-9.677185685	-1.028537479	-2.257360569	1.009924826	-2.355513749	0.229717872	4	3
ABD_0624	74	32.6	-11.09895462	0.31223796	-3.270889364	1.907036735	-0.851591818	-0.483160781	4	3
ABD_0664	74.3	36.3	2.064966628	2.487932615	0.892884455	1.660742465	2.255498162	1.407426638	5	6
ABD_0712	74.3	36.3	2.064966628	2.487932615	0.892884455	1.660742465	2.255498162	1.407426638	5	6
ABD_0655	74.4	36	3.50692268	1.964624574	1.664141348	0.542029007	1.611941186	1.415142854	5	6
ABD_0718	74.4	36.2	8.536839918	0.986210059	1.926108065	0.481544596	0.981967018	0.261867923	5	6
ABD_0686	74.5	36.3	9.076303797	1.129972132	2.210098756	0.229149766	1.027511953	-0.026689011	5	6
ABD_0699	74.5	36.3	9.076303797	1.129972132	2.210098756	0.229149766	1.027511953	-0.026689011	5	6
ABD_0694	75	34.2	5.686909775	-1.740299681	3.454845746	-2.291402009	-2.27494863	-0.30880458	5	6
ABD_0070	75.3	34.3	3.452985353	-2.231292808	4.598158505	-2.532506621	-4.267416537	-0.296410942	5	6
ABD_0001	75.53	35.32	1.418866697	1.886847648	1.757127126	1.193101014	0.553797488	0.278252879	5	6
ABD_0607	75.6	33.2	-1.54714082	-3.05777468	3.319033906	-4.604211948	-4.654490338	-0.309227892	5	6
ABD_0622	75.8	33.4	0.861447996	-2.073607322	3.567222913	-4.116210594	-3.916951303	-0.257566601	5	6
ABD_0736	75.8	33.4	0.861447996	-2.073607322	3.567222913	-4.116210594	-3.916951303	-0.257566601	5	6
ABD_0170	75.99	39.47	1.148945994	2.964062456	0.668170531	4.094179087	1.507301512	-0.399442939	1	0
ABD_0632	76.15	34.22	8.08965281	1.902635662	2.47288167	0.063492641	-1.112243943	-0.779982483	5	6
ABD_0542	76.3	34.4	5.483705477	2.823681744	2.424370219	0.524299981	-1.173970056	-0.197710756	5	6
ABD_0613	76.7	43.2	1.836575662	0.047113832	3.437968433	2.181636938	-0.041944783	-0.515408773	1	0
ABD_0028	77.25	28.75	-12.23250316	1.587560387	-6.258975487	1.14292326	-1.446813215	-0.789091601	4	3
ABD_0071	77.78	33.95	6.291053499	3.689696668	0.963662251	-0.083907287	0.704088015	-0.879802456	3	0
ABD_0361	78.96	20.59	-15.38445823	-0.083863262	-9.593780635	-1.714823155	-3.01269515	-0.616879729	4	3
ABD_0363	78.96	20.59	-15.38445823	-0.083863262	-9.593780635	-1.714823155	-3.01269515	-0.616879729	4	3
ABD_0364	78.96	20.59	-15.38445823	-0.083863262	-9.593780635	-1.714823155	-3.01269515	-0.616879729	4	3
ABD_0926	78.96	20.59	-15.38445823	-0.083863262	-9.593780635	-1.714823155	-3.01269515	-0.616879729	4	3
ABD_0025	80	28	-13.66433609	-1.109672047	-7.639801327	0.469786418	-3.211512311	-0.794848779	4	3
ABD_0084	80.76	47.99	6.521550928	0.024776354	3.575321817	4.085348464	0.203058197	-1.275976372	1	0
ABD_0924	84.12	28.39	-5.725734855	-6.075330928	-7.045443346	-2.501887199	-2.563549945	0.576950085	4	3
ABD_0925	84.12	28.39	-5.725734855	-6.075330928	-7.045443346	-2.501887199	-2.563549945	0.576950085	4	3
ABD_0629	84.7	49.2	6.803580226	-0.430176146	3.155833141	5.460892826	-0.759197767	-1.31856889	1	0
ABD_0162	86.21	44.3	3.526333666	1.811617408	2.24267984	6.460275995	0.251978738	-0.786217033	1	0
ABD_0902	87.54	42.52	6.722915341	1.902215611	0.390823945	2.72037652	0.516277308	0.003322876	1	0
ABD_0903	87.54	42.52	6.722915341	1.902215611	0.390823945	2.72037652	0.516277308	0.003322876	1	0
ABD_0904	87.54	42.52	6.722915341	1.902215611	0.390823945	2.72037652	0.516277308	0.003322876	1	0
ABD_0905	87.54	42.52	6.722915341	1.902215611	0.390823945	2.72037652	0.516277308	0.003322876	1	0
ABD_0906	87.54	42.52	6.722915341	1.902215611	0.390823945	2.72037652	0.516277308	0.003322876	1	0
ABD_0968	87.54	42.52	6.722915341	1.902215611	0.390823945	2.72037652	0.516277308	0.003322876	1	0
ABD_0969	87.54	42.52	6.722915341	1.902215611	0.390823945	2.72037652	0.516277308	0.003322876	1	0
ABD_0970	87.54	42.52	6.722915341	1.902215611	0.390823945	2.72037652	0.516277308	0.003322876	1	0
ABD_0049	89.32	27.3	0.216996108	-3.994458315	-5.109696142	-3.246367971	-2.981040909	0.560355277	3	3
ABD_0748	92.89	28.53	3.801035654	1.147619172	-4.483094615	-1.777808221	0.198947471	0.103636257	3	3
ABD_0749	92.89	28.53	3.801035654	1.147619172	-4.483094615	-1.777808221	0.198947471	0.103636257	3	3
ABD_0750	92.89	28.53	3.801035654	1.147619172	-4.483094615	-1.777808221	0.198947471	0.103636257	3	3
ABD_0751	92.89	28.53	3.801035654	1.147619172	-4.483094615	-1.777808221	0.198947471	0.103636257	3	3
ABD_0752	92.89	28.53	3.801035654	1.147619172	-4.483094615	-1.777808221	0.198947471	0.103636257	3	3
ABD_0761	92.89	28.53	3.801035654	1.147619172	-4.483094615	-1.777808221	0.198947471	0.103636257	3	3
ABD_0763	92.89	28.53	3.801035654	1.147619172	-4.483094615	-1.777808221	0.198947471	0.103636257	3	3
ABD_0764	92.89	28.53	3.801035654	1.147619172	-4.483094615	-1.777808221	0.198947471	0.103636257	3	3
ABD_0765	92.89	28.53	3.801035654	1.147619172	-4.483094615	-1.777808221	0.198947471	0.103636257	3	3
ABD_0766	92.89	28.53	3.801035654	1.147619172	-4.483094615	-1.777808221	0.198947471	0.103636257	3	3
ABD_0767	92.89	28.53	3.801035654	1.147619172	-4.483094615	-1.777808221	0.198947471	0.103636257	3	3
ABD_0768	92.89	28.53	3.801035654	1.147619172	-4.483094615	-1.777808221	0.198947471	0.103636257	3	3
ABD_0769	92.89	28.53	3.801035654	1.147619172	-4.483094615	-1.777808221	0.198947471	0.103636257	3	3
ABD_0770	92.89	28.53	3.801035654	1.147619172	-4.483094615	-1.777808221	0.198947471	0.103636257	3	3
ABD_0771	92.89	28.53	3.801035654	1.147619172	-4.483094615	-1.777808221	0.198947471	0.103636257	3	3
ABD_0772	92.89	28.53	3.801035654	1.147619172	-4.483094615	-1.777808221	0.198947471	0.103636257	3	3
ABD_0773	92.89	28.53	3.801035654	1.147619172	-4.483094615	-1.777808221	0.198947471	0.103636257	3	3
ABD_0774	92.89	28.53	3.801035654	1.147619172	-4.483094615	-1.777808221	0.198947471	0.103636257	3	3
ABD_0775	92.89	28.53	3.801035654	1.147619172	-4.483094615	-1.777808221	0.198947471	0.103636257	3	3
ABD_0776	92.89	28.53	3.801035654	1.147619172	-4.483094615	-1.777808221	0.198947471	0.103636257	3	3
ABD_0777	92.89	28.53	3.801035654	1.147619172	-4.483094615	-1.777808221	0.198947471	0.103636257	3	3
ABD_0778	92.89	28.53	3.801035654	1.147619172	-4.483094615	-1.777808221	0.198947471	0.103636257	3	3
ABD_0779	92.89	28.53	3.801035654	1.147619172	-4.483094615	-1.777808221	0.198947471	0.103636257	3	3
ABD_0780	92.89	28.53	3.801035654	1.147619172	-4.483094615	-1.777808221	0.198947471	0.103636257	3	3
ABD_0781	92.89	28.53	3.801035654	1.147619172	-4.483094615	-1.777808221	0.198947471	0.103636257	3	3
ABD_0782	92.89	28.53	3.801035654	1.147619172	-4.483094615	-1.777808221	0.198947471	0.103636257	3	3
ABD_0783	92.89	28.53	3.801035654	1.147619172	-4.483094615	-1.777808221	0.198947471	0.103636257	3	3
ABD_0784	92.89	28.53	3.801035654	1.147619172	-4.483094615	-1.777808221	0.198947471	0.103636257	3	3
ABD_0785	92.89	28.53	3.801035654	1.147619172	-4.483094615	-1.777808221	0.198947471	0.103636257	3	3
ABD_0786	92.89	28.53	3.801035654	1.147619172	-4.483094615	-1.777808221	0.198947471	0.103636257	3	3
ABD_0787	92.89	28.53	3.801035654	1.147619172	-4.483094615	-1.777808221	0.198947471	0.103636257	3	3
ABD_0788	92.89	28.53	3.801035654	1.147619172	-4.483094615	-1.777808221	0.198947471	0.103636257	3	3
ABD_0789	92.89	28.53	3.801035654	1.147619172	-4.483094615	-1.777808221	0.198947471	0.103636257	3	3
ABD_0790	92.89	28.53	3.801035654	1.147619172	-4.483094615	-1.777808221	0.198947471	0.103636257	3	3
ABD_0791	92.89	28.53	3.801035654	1.147619172	-4.483094615	-1.777808221	0.198947471	0.103636257	3	3
ABD_0792	92.89	28.53	3.801035654	1.147619172	-4.483094615	-1.777808221	0.198947471	0.103636257	3	3
ABD_0793	92.89	28.53	3.801035654	1.147619172	-4.483094615	-1.777808221	0.198947471	0.103636257	3	3
ABD_0794	92.89	28.53	3.801035654	1.147619172	-4.483094615	-1.777808221	0.198947471	0.103636257	3	3
ABD_0795	92.89	28.53	3.801035654	1.147619172	-4.483094615	-1.777808221	0.198947471	0.103636257	3	3
ABD_0796	92.89	28.53	3.801035654	1.147619172	-4.483094615	-1.777808221	0.198947471	0.103636257	3	3
ABD_0797	92.89	28.53	3.801035654	1.147619172	-4.483094615	-1.777808221	0.198947471	0.103636257	3	3
ABD_0798	92.89	28.53	3.801035654	1.147619172	-4.483094615	-1.777808221	0.198947471	0.103636257	3	3
ABD_0809	92.89	28.53	3.801035654	1.147619172	-4.483094615	-1.777808221	0.198947471	0.103636257	3	3
ABD_0810	92.89	28.53	3.801035654	1.147619172	-4.483094615	-1.777808221	0.198947471	0.103636257	3	3
ABD_0813	92.89	28.53	3.801035654	1.147619172	-4.483094615	-1.777808221	0.198947471	0.103636257	3	3
ABD_0814	92.89	28.53	3.801035654	1.147619172	-4.483094615	-1.777808221	0.198947471	0.103636257	3	3
ABD_0815	92.89	28.53	3.801035654	1.147619172	-4.483094615	-1.777808221	0.198947471	0.103636257	3	3
ABD_0816	92.89	28.53	3.801035654	1.147619172	-4.483094615	-1.777808221	0.198947471	0.103636257	3	3
ABD_0817	92.89	28.53	3.801035654	1.147619172	-4.483094615	-1.777808221	0.198947471	0.103636257	3	3
ABD_0822	92.89	28.53	3.801035654	1.147619172	-4.483094615	-1.777808221	0.198947471	0.103636257	3	3
ABD_0823	92.89	28.53	3.801035654	1.147619172	-4.483094615	-1.777808221	0.198947471	0.103636257	3	3
ABD_0824	92.89	28.53	3.801035654	1.147619172	-4.483094615	-1.777808221	0.198947471	0.103636257	3	3
ABD_0825	92.89	28.53	3.801035654	1.147619172	-4.483094615	-1.777808221	0.198947471	0.103636257	3	3
ABD_0826	92.89	28.53	3.801035654	1.147619172	-4.483094615	-1.777808221	0.198947471	0.103636257	3	3
ABD_0827	92.89	28.53	3.801035654	1.147619172	-4.483094615	-1.777808221	0.198947471	0.103636257	3	3
ABD_0875	92.89	28.53	3.801035654	1.147619172	-4.483094615	-1.777808221	0.198947471	0.103636257	3	3
ABD_0876	92.89	28.53	3.801035654	1.147619172	-4.483094615	-1.777808221	0.198947471	0.103636257	3	3
ABD_0877	92.89	28.53	3.801035654	1.147619172	-4.483094615	-1.777808221	0.198947471	0.103636257	3	3
ABD_0878	92.89	28.53	3.801035654	1.147619172	-4.483094615	-1.777808221	0.198947471	0.103636257	3	3
ABD_0879	92.89	28.53	3.801035654	1.147619172	-4.483094615	-1.777808221	0.198947471	0.103636257	3	3
ABD_0880	92.89	28.53	3.801035654	1.147619172	-4.483094615	-1.777808221	0.198947471	0.103636257	3	3
ABD_0881	92.89	28.53	3.801035654	1.147619172	-4.483094615	-1.777808221	0.198947471	0.103636257	3	3
ABD_0882	92.89	28.53	3.801035654	1.147619172	-4.483094615	-1.777808221	0.198947471	0.103636257	3	3
ABD_0883	92.89	28.53	3.801035654	1.147619172	-4.483094615	-1.777808221	0.198947471	0.103636257	3	3
ABD_0884	92.89	28.53	3.801035654	1.147619172	-4.483094615	-1.777808221	0.198947471	0.103636257	3	3
ABD_0885	92.89	28.53	3.801035654	1.147619172	-4.483094615	-1.777808221	0.198947471	0.103636257	3	3
ABD_0886	92.89	28.53	3.801035654	1.147619172	-4.483094615	-1.777808221	0.198947471	0.103636257	3	3
ABD_0887	92.89	28.53	3.801035654	1.147619172	-4.483094615	-1.777808221	0.198947471	0.103636257	3	3
ABD_0888	92.89	28.53	3.801035654	1.147619172	-4.483094615	-1.777808221	0.198947471	0.103636257	3	3
ABD_0889	92.89	28.53	3.801035654	1.147619172	-4.483094615	-1.777808221	0.198947471	0.103636257	3	3
ABD_0890	92.89	28.53	3.801035654	1.147619172	-4.483094615	-1.777808221	0.198947471	0.103636257	3	3
ABD_0891	92.89	28.53	3.801035654	1.147619172	-4.483094615	-1.777808221	0.198947471	0.103636257	3	3
ABD_0892	92.89	28.53	3.801035654	1.147619172	-4.483094615	-1.777808221	0.198947471	0.103636257	3	3
ABD_0893	92.89	28.53	3.801035654	1.147619172	-4.483094615	-1.777808221	0.198947471	0.103636257	3	3
ABD_0894	92.89	28.53	3.801035654	1.147619172	-4.483094615	-1.777808221	0.198947471	0.103636257	3	3
ABD_0895	92.89	28.53	3.801035654	1.147619172	-4.483094615	-1.777808221	0.198947471	0.103636257	3	3
ABD_0896	92.89	28.53	3.801035654	1.147619172	-4.483094615	-1.777808221	0.198947471	0.103636257	3	3
ABD_0897	92.89	28.53	3.801035654	1.147619172	-4.483094615	-1.777808221	0.198947471	0.103636257	3	3
ABD_0898	92.89	28.53	3.801035654	1.147619172	-4.483094615	-1.777808221	0.198947471	0.103636257	3	3
ABD_0899	92.89	28.53	3.801035654	1.147619172	-4.483094615	-1.777808221	0.198947471	0.103636257	3	3
ABD_0900	92.89	28.53	3.801035654	1.147619172	-4.483094615	-1.777808221	0.198947471	0.103636257	3	3
ABD_0901	92.89	28.53	3.801035654	1.147619172	-4.483094615	-1.777808221	0.198947471	0.103636257	3	3
ABD_0959	92.89	28.53	3.801035654	1.147619172	-4.483094615	-1.777808221	0.198947471	0.103636257	3	3
ABD_0960	92.89	28.53	3.801035654	1.147619172	-4.483094615	-1.777808221	0.198947471	0.103636257	3	3
ABD_0961	92.89	28.53	3.801035654	1.147619172	-4.483094615	-1.777808221	0.198947471	0.103636257	3	3
ABD_0963	92.89	28.53	3.801035654	1.147619172	-4.483094615	-1.777808221	0.198947471	0.103636257	3	3
ABD_0964	92.89	28.53	3.801035654	1.147619172	-4.483094615	-1.777808221	0.198947471	0.103636257	3	3
ABD_0971	92.89	28.53	3.801035654	1.147619172	-4.483094615	-1.777808221	0.198947471	0.103636257	3	3
ABD_0972	92.89	28.53	3.801035654	1.147619172	-4.483094615	-1.777808221	0.198947471	0.103636257	3	3
ABD_0973	92.89	28.53	3.801035654	1.147619172	-4.483094615	-1.777808221	0.198947471	0.103636257	3	3
ABD_0974	92.89	28.53	3.801035654	1.147619172	-4.483094615	-1.777808221	0.198947471	0.103636257	3	3
ABD_0975	92.89	28.53	3.801035654	1.147619172	-4.483094615	-1.777808221	0.198947471	0.103636257	3	3
ABD_0976	92.89	28.53	3.801035654	1.147619172	-4.483094615	-1.777808221	0.198947471	0.103636257	3	3
ABD_0977	92.89	28.53	3.801035654	1.147619172	-4.483094615	-1.777808221	0.198947471	0.103636257	3	3
ABD_0978	92.89	28.53	3.801035654	1.147619172	-4.483094615	-1.777808221	0.198947471	0.103636257	3	3
ABD_0979	92.89	28.53	3.801035654	1.147619172	-4.483094615	-1.777808221	0.198947471	0.103636257	3	3
ABD_0980	92.89	28.53	3.801035654	1.147619172	-4.483094615	-1.777808221	0.198947471	0.103636257	3	3
ABD_0981	92.89	28.53	3.801035654	1.147619172	-4.483094615	-1.777808221	0.198947471	0.103636257	3	3
ABD_0982	92.89	28.53	3.801035654	1.147619172	-4.483094615	-1.777808221	0.198947471	0.103636257	3	3
ABD_0983	92.89	28.53	3.801035654	1.147619172	-4.483094615	-1.777808221	0.198947471	0.103636257	3	3
ABD_0991	92.89	28.53	3.801035654	1.147619172	-4.483094615	-1.777808221	0.198947471	0.103636257	3	3
ABD_0844	96.41	35.74	9.817621332	2.248219181	-1.146248403	0.207569988	-0.52724073	-1.116118349	3	0
ABD_0845	96.41	35.74	9.817621332	2.248219181	-1.146248403	0.207569988	-0.52724073	-1.116118349	3	0
ABD_0846	96.41	35.74	9.817621332	2.248219181	-1.146248403	0.207569988	-0.52724073	-1.116118349	3	0
ABD_0847	96.41	35.74	9.817621332	2.248219181	-1.146248403	0.207569988	-0.52724073	-1.116118349	3	0
ABD_0848	96.41	35.74	9.817621332	2.248219181	-1.146248403	0.207569988	-0.52724073	-1.116118349	3	0
ABD_0957	96.41	35.74	9.817621332	2.248219181	-1.146248403	0.207569988	-0.52724073	-1.116118349	3	0
ABD_1107	96.41	35.74	9.817621332	2.248219181	-1.146248403	0.207569988	-0.52724073	-1.116118349	3	0
ABD_0163	100.23	25.59	-4.601627861	-2.862682218	-4.820042972	-2.406249506	1.044471034	-0.833910288	4	3
ABD_0169	100.23	25.59	-4.601627861	-2.862682218	-4.820042972	-2.406249506	1.044471034	-0.833910288	4	3
ABD_0753	101.34	24.48	-6.721696258	-3.799793953	-5.270471683	-2.098663169	1.177584226	-0.577400636	4	3
ABD_0799	101.34	24.48	-6.721696258	-3.799793953	-5.270471683	-2.098663169	1.177584226	-0.577400636	4	3
ABD_0800	101.34	24.48	-6.721696258	-3.799793953	-5.270471683	-2.098663169	1.177584226	-0.577400636	4	3
ABD_0801	101.34	24.48	-6.721696258	-3.799793953	-5.270471683	-2.098663169	1.177584226	-0.577400636	4	3
ABD_0802	101.34	24.48	-6.721696258	-3.799793953	-5.270471683	-2.098663169	1.177584226	-0.577400636	4	3
ABD_0907	101.34	24.48	-6.721696258	-3.799793953	-5.270471683	-2.098663169	1.177584226	-0.577400636	4	3
ABD_0908	101.34	24.48	-6.721696258	-3.799793953	-5.270471683	-2.098663169	1.177584226	-0.577400636	4	3
ABD_0909	101.34	24.48	-6.721696258	-3.799793953	-5.270471683	-2.098663169	1.177584226	-0.577400636	4	3
ABD_0910	101.34	24.48	-6.721696258	-3.799793953	-5.270471683	-2.098663169	1.177584226	-0.577400636	4	3
ABD_0911	101.34	24.48	-6.721696258	-3.799793953	-5.270471683	-2.098663169	1.177584226	-0.577400636	4	3
ABD_0164	101.96	30	2.89722195	-4.253527128	-3.056339624	0.008073545	1.082445695	1.891437982	3	0
ABD_0409	102.81	30.26	-3.247463997	-9.048621921	-2.733496349	1.299106129	0.37843629	4.147489172	1	1
ABD_0828	102.81	30.26	-3.247463997	-9.048621921	-2.733496349	1.299106129	0.37843629	4.147489172	1	1
ABD_0829	102.81	30.26	-3.247463997	-9.048621921	-2.733496349	1.299106129	0.37843629	4.147489172	1	1
ABD_0830	102.81	30.26	-3.247463997	-9.048621921	-2.733496349	1.299106129	0.37843629	4.147489172	1	1
ABD_0831	102.81	30.26	-3.247463997	-9.048621921	-2.733496349	1.299106129	0.37843629	4.147489172	1	1
ABD_0832	102.81	30.26	-3.247463997	-9.048621921	-2.733496349	1.299106129	0.37843629	4.147489172	1	1
ABD_0833	102.81	30.26	-3.247463997	-9.048621921	-2.733496349	1.299106129	0.37843629	4.147489172	1	1
ABD_0834	102.81	30.26	-3.247463997	-9.048621921	-2.733496349	1.299106129	0.37843629	4.147489172	1	1
ABD_0835	102.81	30.26	-3.247463997	-9.048621921	-2.733496349	1.299106129	0.37843629	4.147489172	1	1
ABD_0958	102.81	30.26	-3.247463997	-9.048621921	-2.733496349	1.299106129	0.37843629	4.147489172	1	1
ABD_0962	102.81	30.26	-3.247463997	-9.048621921	-2.733496349	1.299106129	0.37843629	4.147489172	1	1
ABD_0965	102.81	30.26	-3.247463997	-9.048621921	-2.733496349	1.299106129	0.37843629	4.147489172	1	1
ABD_0157	102.89	30.36	0.097632118	-7.130013388	-1.843051123	0.970277479	2.136873344	2.093784308	1	1
ABD_0166	103	35.49	4.041403432	-1.050187997	-1.142334792	1.967189895	0.111012191	0.490542601	1	1
ABD_0836	104.29	35.75	3.656310074	-0.333128254	-0.974209433	2.464167316	0.555793522	0.100163256	1	1
ABD_0837	104.29	35.75	3.656310074	-0.333128254	-0.974209433	2.464167316	0.555793522	0.100163256	1	1
ABD_0838	104.29	35.75	3.656310074	-0.333128254	-0.974209433	2.464167316	0.555793522	0.100163256	1	1
ABD_0839	104.29	35.75	3.656310074	-0.333128254	-0.974209433	2.464167316	0.555793522	0.100163256	1	1
ABD_0840	104.29	35.75	3.656310074	-0.333128254	-0.974209433	2.464167316	0.555793522	0.100163256	1	1
ABD_0841	104.29	35.75	3.656310074	-0.333128254	-0.974209433	2.464167316	0.555793522	0.100163256	1	1
ABD_0842	104.29	35.75	3.656310074	-0.333128254	-0.974209433	2.464167316	0.555793522	0.100163256	1	1
ABD_0843	104.29	35.75	3.656310074	-0.333128254	-0.974209433	2.464167316	0.555793522	0.100163256	1	1
ABD_0956	104.29	35.75	3.656310074	-0.333128254	-0.974209433	2.464167316	0.555793522	0.100163256	1	1
ABD_0966	104.29	35.75	3.656310074	-0.333128254	-0.974209433	2.464167316	0.555793522	0.100163256	1	1
ABD_0967	104.29	35.75	3.656310074	-0.333128254	-0.974209433	2.464167316	0.555793522	0.100163256	1	1
ABD_0160	105.02	30.28	-6.654514371	-8.524949974	-2.305207372	3.096939531	1.937458831	2.082035228	1	1
ABD_0141	106.21	34.99	2.051943259	-2.388896833	-1.267919829	2.047032316	0.395802128	0.097345873	1	1
ABD_0140	106.23	38.49	3.178177833	2.932463219	-0.54974045	3.461655507	-0.378998488	-0.653403228	1	1
ABD_0168	106.25	38.28	3.015771826	2.786496158	-0.699527249	3.173403577	-0.227361263	-0.703761786	1	1
ABD_0136	106.35	38.55	3.440956639	2.982794066	-0.634882117	3.309096081	-0.467239377	-0.832189307	1	1
ABD_0167	106.35	38.55	3.440956639	2.982794066	-0.634882117	3.309096081	-0.467239377	-0.832189307	1	1
ABD_0665	107	27	-4.338979149	-7.761703207	-0.812986034	1.0469957	0.906914552	0.797330718	4	4
ABD_0683	107	27	-4.338979149	-7.761703207	-0.812986034	1.0469957	0.906914552	0.797330718	4	4
ABD_0142	107.24	34.36	-1.94833468	-2.97442829	-1.281951777	3.045522289	0.542950005	0.367240161	1	1
ABD_0135	108.12	27.03	-6.523789001	-7.795057816	-0.173503545	1.60073445	0.796159324	-0.074445679	4	4
ABD_0159	108.91	34.16	-1.835643885	-2.527104287	-0.814568813	3.255521373	0.869393546	0.039245893	1	1
ABD_0914	109.19	35.39	1.418802812	-1.398561415	-1.209954489	2.530652388	-0.035570681	0.26693355	1	1
ABD_0915	109.19	35.39	1.418802812	-1.398561415	-1.209954489	2.530652388	-0.035570681	0.26693355	1	1
ABD_0916	109.19	35.39	1.418802812	-1.398561415	-1.209954489	2.530652388	-0.035570681	0.26693355	1	1
ABD_0161	109.36	32.39	-4.108492323	-5.739236135	-1.06272123	2.276291319	0.502613068	0.682185716	1	1
ABD_0165	111.19	40.28	4.367568193	2.224041499	-0.502996469	4.27774826	-2.057861273	-0.802673181	1	1
ABD_0139	111.79	37.27	1.192810971	0.452533233	-1.418965383	3.373369818	-0.919226077	-0.060859964	1	1
ABD_0129	111.82	40.38	4.9385084	1.840059048	-0.460277644	3.837830042	-1.791074141	-0.60624477	1	1
ABD_0912	111.86	37.24	1.236019711	0.721634496	-1.519170996	3.353616981	-0.910797688	-0.134003655	1	1
ABD_0913	111.86	37.24	1.236019711	0.721634496	-1.519170996	3.353616981	-0.910797688	-0.134003655	1	1
ABD_0635	112	28	-7.703171579	-8.983186651	2.103149528	0.474161774	-1.71720295	-1.360461103	4	4
ABD_0675	112	28	-7.703171579	-8.983186651	2.103149528	0.474161774	-1.71720295	-1.360461103	4	4
ABD_0137	112.09	34.13	-2.632055425	-2.682104843	-1.299294118	3.150291183	0.256019647	0.085063096	1	1
ABD_0147	112.6	35.07	-2.479775327	-1.531955577	-1.82860492	3.754586506	-0.056505627	0.134664532	1	1
ABD_0143	112.79	34.73	-2.774299804	-2.101396578	-1.565887378	3.753718351	-0.030486263	0.06370545	1	1
ABD_0131	113.27	39.19	3.08587535	1.139287212	-1.172154941	3.588579868	-1.371049587	-0.275134988	1	1
ABD_0757	113.38	34.29	-2.825964766	-2.348577509	-1.765935275	3.403120905	-0.228057707	-0.004461061	1	1
ABD_0803	113.38	34.29	-2.825964766	-2.348577509	-1.765935275	3.403120905	-0.228057707	-0.004461061	1	1
ABD_0804	113.38	34.29	-2.825964766	-2.348577509	-1.765935275	3.403120905	-0.228057707	-0.004461061	1	1
ABD_0155	114.04	29.56	-7.184081971	-8.39590793	1.362922848	1.047296052	-2.205106029	-0.563131508	4	4
ABD_0406	114.9	37.9	-1.334469627	0.299790111	-2.148170867	4.523886569	-1.11595208	-0.490293707	1	1
ABD_0408	115.06	43.38	6.886381688	2.095123784	0.659766403	5.243960387	-2.02358051	-0.835879443	1	1
ABD_0146	115.1	35.89	-2.478784739	-0.992654472	-2.185087031	4.132868396	-0.945363165	-0.585036568	1	1
ABD_0153	115.68	29.68	-7.326108459	-8.217094891	1.227793801	0.770335543	-3.014395128	-0.808103556	4	4
ABD_0687	116	39	-0.836909684	-0.216436056	-2.387852447	4.880961668	-1.671142094	0.267822782	1	1
ABD_0758	116.41	39.9	-0.336081707	-1.34988607	-2.190517747	4.795848282	-1.605744902	1.005348771	1	1
ABD_1049	116.41	39.9	-0.336081707	-1.34988607	-2.190517747	4.795848282	-1.605744902	1.005348771	1	1
ABD_0145	116.75	36.55	-2.397590602	-1.386664272	-2.638998147	4.112086543	-2.242792019	-0.313172977	1	1
ABD_0151	117.02	25.08	-10.82052004	-7.586714231	-0.765001206	-1.287164997	-1.82762746	-0.621481021	4	4
ABD_0158	117.07	36.68	-2.58149138	-1.763437174	-2.482608261	4.186898548	-2.365288564	-0.061212396	1	1
ABD_0150	117.86	29.25	-8.441210336	-9.295081809	1.478127247	-0.496133696	-4.635603593	-1.189390402	4	4
ABD_0762	117.92	35.89	-1.375860142	-1.917832808	-2.681334588	3.242346429	-2.585937661	-0.120769163	1	1
ABD_0805	117.92	35.89	-1.375860142	-1.917832808	-2.681334588	3.242346429	-2.585937661	-0.120769163	1	1
ABD_0917	117.92	35.89	-1.375860142	-1.917832808	-2.681334588	3.242346429	-2.585937661	-0.120769163	1	1
ABD_0918	117.92	35.89	-1.375860142	-1.917832808	-2.681334588	3.242346429	-2.585937661	-0.120769163	1	1
ABD_0919	117.92	35.89	-1.375860142	-1.917832808	-2.681334588	3.242346429	-2.585937661	-0.120769163	1	1
ABD_0920	117.92	35.89	-1.375860142	-1.917832808	-2.681334588	3.242346429	-2.585937661	-0.120769163	1	1
ABD_0138	118.16	39.83	0.099665473	-0.927372851	-2.128966148	4.526920977	-2.399319756	0.236759577	1	1
ABD_0670	118.8	32	-6.055075648	-5.436338505	-0.857116762	2.362069121	-1.675142652	-1.27919628	4	4
ABD_0156	119.03	33.63	-4.489342667	-3.895239237	-2.122585917	2.982340718	-1.747197955	-0.760583021	1	1
ABD_0130	119.16	36.71	-1.825230342	-1.604013865	-2.504424613	3.651462113	-2.167885389	-0.320542722	1	1
ABD_0704	119.8	33.5	-4.531099642	-3.933658211	-1.683946237	2.59554182	-1.389903851	-1.289580414	4	4
ABD_0154	119.89	29.45	-7.679078673	-8.111669925	0.639505193	0.536538058	-2.454766292	-1.488429187	4	4
ABD_0407	120.16	30.27	-7.313201517	-7.79471835	1.08707853	0.711554238	-1.854798224	-1.833366071	4	4
ABD_0149	120.27	32.01	-5.809359879	-5.612924935	-0.514795902	2.004724085	-1.174622764	-1.542572111	4	4
ABD_0148	121.05	32.38	-5.370236072	-5.25996777	-0.800615753	1.90475992	-1.113152766	-1.724769604	4	4
ABD_0152	121.13	31.46	-6.265343051	-6.010183081	-0.422889668	1.727708638	-0.955640572	-1.71079943	4	4
ABD_0144	122.13	40.21	1.143476113	-1.810673372	-1.38473192	4.659760847	-2.458135655	-0.550240144	1	1
ABD_0740	123.8	42.3	2.659176397	-1.959631617	-0.867055741	5.357316187	-2.494750681	-0.104567958	1	1
ABD_0739	123.9	44	4.153307742	-0.215769891	-0.52919787	5.762265679	-2.592813227	-0.338331628	1	1
ABD_0729	124.8	45.2	4.802132949	-0.689786942	0.023288797	6.380297658	-2.795254177	-0.279538611	1	1
ABD_0730	126	43	4.92273881	-2.574625642	-0.632700222	5.598065076	-3.722871812	-0.394836516	1	1
ABD_0134	127.5	50.25	7.443780041	-2.464290088	1.459494545	6.989841414	-2.533303829	-0.166847402	1	1
ABD_0722	127.5	50.3	7.482683914	-2.396569762	1.476478811	6.921593301	-2.476499701	-0.142724479	1	1
ABD_0723	127.7	42.8	5.338314471	-2.99080884	-0.682711392	4.931604426	-2.577922587	-0.09876323	1	1
ABD_0405	128.74	47.12	7.194570255	-2.747850824	0.003365813	5.955637591	-2.966296241	-0.022021445	1	1
ABD_0725	130.13	42.98	4.176680111	-2.602290596	-0.960470707	4.370914946	-1.123063922	-0.044645151	1	1
ABD_0186	131.98	43.8	4.594214526	-2.86679283	0.061573951	4.897885249	-1.817678246	-0.78171782	1	1
ABD_0574	136.5	34.5	-6.000789944	-10.72464302	0.129530416	-1.44020014	-3.976272082	-1.415930811	4	0
ABD_0654	138.1	36.6	-1.132742425	-6.100546886	1.106809305	0.59708961	-0.596943791	-1.303364679	1	0
ABD_0604	140.5	36.5	-3.875505912	-8.109885559	0.223985375	-0.477813382	-1.202426482	-1.536981016	4	0
ABD_0083	141.5	39.5	1.002083104	-9.383020958	1.810027487	-0.422114938	-1.686971939	-1.130820477	1	0